16 14 10 8 7 9 3 2 4 1
                                        16
                        14                              10
            8                       7           9               3
    2               4       1       

                                        1
                        14                              10
            8                       7           9               3
    2               4
[16]

MAX HEAPIFY(A,1)
                                        14
                        8                              10
            4                       7           9               3
    2               1
[16]

                                        1
                        8                              10
            4                       7           9               3
    2
[16, 14]

MAX HEAPIFY(A,1)
                                        10
                        8                              9
            4                       7           1               3
    2
[16, 14]

                                        1
                        8                              9
            4                       7                           3
    2
[16, 14, 10]